# Created by Octave 3.8.0, Sat Oct 14 15:12:46 2017 EDT <caitlinbeecham@Caitlins-MacBook-Pro.local>
# name: v
# type: matrix
# rows: 1
# columns: 4
 1 2 3 4


